arrivals =

   0   0   0   0   0   0   0   0   0   0

my_i = 0
my_i =  1
traceMatr =

   0   0   0   1

x =  1
my_i =  2
traceMatr =

   0   0   0   1
   2   1   1   1

x =  1
my_i =  3
traceMatr =

   0   0   0   1   0
   2   1   1   1   0
   3   2   1   0   1

my_i =  4
traceMatr =

   0   0   0   1   0
   2   1   1   1   0
   3   2   1   0   1
   4   1   1   1   0

x =  2
my_i =  5
traceMatr =

   0   0   0   1   0
   2   1   1   1   0
   3   2   1   0   1
   4   1   1   1   0
   5   2   2   1   0

x =  1
my_i =  6
traceMatr =

   0   0   0   1   0
   2   1   1   1   0
   3   2   1   0   1
   4   1   1   1   0
   5   2   2   1   0
   6   3   1   1   0

x =  1
my_i =  7
traceMatr =

   0   0   0   1   0
   2   1   1   1   0
   3   2   1   0   1
   4   1   1   1   0
   5   2   2   1   0
   6   3   1   1   0
   7   4   1   0   1

my_i =  8
traceMatr =

   0   0   0   1   0
   2   1   1   1   0
   3   2   1   0   1
   4   1   1   1   0
   5   2   2   1   0
   6   3   1   1   0
   7   4   1   0   1
   8   3   1   0   1

my_i =  9
traceMatr =

   0   0   0   1   0
   2   1   1   1   0
   3   2   1   0   1
   4   1   1   1   0
   5   2   2   1   0
   6   3   1   1   0
   7   4   1   0   1
   8   3   1   0   1
   9   2   2   1   0

x =  2
my_i =  10
traceMatr =

    0    0    0    1    0
    2    1    1    1    0
    3    2    1    0    1
    4    1    1    1    0
    5    2    2    1    0
    6    3    1    1    0
    7    4    1    0    1
    8    3    1    0    1
    9    2    2    1    0
   10    3    2    0    1

my_i =  11
traceMatr =

    0    0    0    1    0
    2    1    1    1    0
    3    2    1    0    1
    4    1    1    1    0
    5    2    2    1    0
    6    3    1    1    0
    7    4    1    0    1
    8    3    1    0    1
    9    2    2    1    0
   10    3    2    0    1
   11    2    2    1    0

x =  3
my_i =  12
traceMatr =

    0    0    0    1    0
    2    1    1    1    0
    3    2    1    0    1
    4    1    1    1    0
    5    2    2    1    0
    6    3    1    1    0
    7    4    1    0    1
    8    3    1    0    1
    9    2    2    1    0
   10    3    2    0    1
   11    2    2    1    0
   12    3    3    1    0

x =  2
my_i =  13
traceMatr =

    0    0    0    1    0
    2    1    1    1    0
    3    2    1    0    1
    4    1    1    1    0
    5    2    2    1    0
    6    3    1    1    0
    7    4    1    0    1
    8    3    1    0    1
    9    2    2    1    0
   10    3    2    0    1
   11    2    2    1    0
   12    3    3    1    0
   13    4    2    1    0

x =  1
my_i =  14
traceMatr =

    0    0    0    1    0
    2    1    1    1    0
    3    2    1    0    1
    4    1    1    1    0
    5    2    2    1    0
    6    3    1    1    0
    7    4    1    0    1
    8    3    1    0    1
    9    2    2    1    0
   10    3    2    0    1
   11    2    2    1    0
   12    3    3    1    0
   13    4    2    1    0
   14    5    1    1    0

x =  1
my_i =  15
traceMatr =

    0    0    0    1    0
    2    1    1    1    0
    3    2    1    0    1
    4    1    1    1    0
    5    2    2    1    0
    6    3    1    1    0
    7    4    1    0    1
    8    3    1    0    1
    9    2    2    1    0
   10    3    2    0    1
   11    2    2    1    0
   12    3    3    1    0
   13    4    2    1    0
   14    5    1    1    0
   15    6    1    1    0

x =  1
my_i =  16
traceMatr =

    0    0    0    1    0
    2    1    1    1    0
    3    2    1    0    1
    4    1    1    1    0
    5    2    2    1    0
    6    3    1    1    0
    7    4    1    0    1
    8    3    1    0    1
    9    2    2    1    0
   10    3    2    0    1
   11    2    2    1    0
   12    3    3    1    0
   13    4    2    1    0
   14    5    1    1    0
   15    6    1    1    0
   16    7    1    1    0

x =  1
my_i =  17
traceMatr =

    0    0    0    1    0
    2    1    1    1    0
    3    2    1    0    1
    4    1    1    1    0
    5    2    2    1    0
    6    3    1    1    0
    7    4    1    0    1
    8    3    1    0    1
    9    2    2    1    0
   10    3    2    0    1
   11    2    2    1    0
   12    3    3    1    0
   13    4    2    1    0
   14    5    1    1    0
   15    6    1    1    0
   16    7    1    1    0
   17    8    1    1    0

x =  1
my_i =  18
traceMatr =

    0    0    0    1    0
    2    1    1    1    0
    3    2    1    0    1
    4    1    1    1    0
    5    2    2    1    0
    6    3    1    1    0
    7    4    1    0    1
    8    3    1    0    1
    9    2    2    1    0
   10    3    2    0    1
   11    2    2    1    0
   12    3    3    1    0
   13    4    2    1    0
   14    5    1    1    0
   15    6    1    1    0
   16    7    1    1    0
   17    8    1    1    0
   18    9    1    1    0

x =  1
my_i =  19
traceMatr =

    0    0    0    1    0
    2    1    1    1    0
    3    2    1    0    1
    4    1    1    1    0
    5    2    2    1    0
    6    3    1    1    0
    7    4    1    0    1
    8    3    1    0    1
    9    2    2    1    0
   10    3    2    0    1
   11    2    2    1    0
   12    3    3    1    0
   13    4    2    1    0
   14    5    1    1    0
   15    6    1    1    0
   16    7    1    1    0
   17    8    1    1    0
   18    9    1    1    0
   19   10    1    1    0

my_i =  20
traceMatr =

    0    0    0    1    0
    2    1    1    1    0
    3    2    1    0    1
    4    1    1    1    0
    5    2    2    1    0
    6    3    1    1    0
    7    4    1    0    1
    8    3    1    0    1
    9    2    2    1    0
   10    3    2    0    1
   11    2    2    1    0
   12    3    3    1    0
   13    4    2    1    0
   14    5    1    1    0
   15    6    1    1    0
   16    7    1    1    0
   17    8    1    1    0
   18    9    1    1    0
   19   10    1    1    0
   20   10    2    1    0

my_i =  21
traceMatr =

    0    0    0    1    0
    2    1    1    1    0
    3    2    1    0    1
    4    1    1    1    0
    5    2    2    1    0
    6    3    1    1    0
    7    4    1    0    1
    8    3    1    0    1
    9    2    2    1    0
   10    3    2    0    1
   11    2    2    1    0
   12    3    3    1    0
   13    4    2    1    0
   14    5    1    1    0
   15    6    1    1    0
   16    7    1    1    0
   17    8    1    1    0
   18    9    1    1    0
   19   10    1    1    0
   20   10    2    1    0
   21   10    3    1    0

my_i =  22
traceMatr =

    0    0    0    1    0
    2    1    1    1    0
    3    2    1    0    1
    4    1    1    1    0
    5    2    2    1    0
    6    3    1    1    0
    7    4    1    0    1
    8    3    1    0    1
    9    2    2    1    0
   10    3    2    0    1
   11    2    2    1    0
   12    3    3    1    0
   13    4    2    1    0
   14    5    1    1    0
   15    6    1    1    0
   16    7    1    1    0
   17    8    1    1    0
   18    9    1    1    0
   19   10    1    1    0
   20   10    2    1    0
   21   10    3    1    0
   22   10    4    1    0

my_i =  23
traceMatr =

    0    0    0    1    0
    2    1    1    1    0
    3    2    1    0    1
    4    1    1    1    0
    5    2    2    1    0
    6    3    1    1    0
    7    4    1    0    1
    8    3    1    0    1
    9    2    2    1    0
   10    3    2    0    1
   11    2    2    1    0
   12    3    3    1    0
   13    4    2    1    0
   14    5    1    1    0
   15    6    1    1    0
   16    7    1    1    0
   17    8    1    1    0
   18    9    1    1    0
   19   10    1    1    0
   20   10    2    1    0
   21   10    3    1    0
   22   10    4    1    0
   23   10    5    1    0

my_i =  24
